0 0.161719 0.824219 0.276562 0.332813
0 0.756250 0.857812 0.187500 0.231250
0 0.364844 0.908594 0.204687 0.182812
0 0.475781 0.903125 0.154688 0.193750
0 0.924219 0.707031 0.151562 0.145313
0 0.921094 0.850000 0.148438 0.203125
0 0.687500 0.705469 0.134375 0.148438
0 0.371094 0.426563 0.142187 0.178125
0 0.496094 0.433594 0.173437 0.164062
0 0.624219 0.307812 0.139063 0.137500
0 0.822656 0.345313 0.145313 0.156250
0 0.397656 0.069531 0.132812 0.129688
0 0.655469 0.100781 0.123438 0.101562
0 0.425781 0.564844 0.182812 0.148438
