1 0.307031 0.157031 0.073438 0.067187
1 0.356250 0.150781 0.071875 0.060937
1 0.503125 0.096094 0.078125 0.060937
1 0.464062 0.180469 0.075000 0.057813
1 0.485938 0.251563 0.056250 0.059375
1 0.466406 0.342187 0.076563 0.053125
1 0.811719 0.391406 0.085938 0.051562
1 0.792969 0.363281 0.067187 0.057813
1 0.810937 0.282813 0.062500 0.068750
1 0.858594 0.304688 0.064062 0.065625
1 0.935156 0.380469 0.054688 0.051562
1 0.971094 0.373437 0.057813 0.078125
1 0.974219 0.460156 0.051562 0.054688
1 0.896875 0.446094 0.046875 0.064062
1 0.852344 0.444531 0.076563 0.057813
1 0.854688 0.515625 0.062500 0.062500
1 0.657031 0.489063 0.060937 0.056250
1 0.657031 0.367969 0.060937 0.060937
1 0.625000 0.183594 0.071875 0.064062
1 0.905469 0.140625 0.085938 0.062500
1 0.908594 0.078125 0.089063 0.071875
1 0.617188 0.072656 0.090625 0.064062
1 0.342187 0.299219 0.071875 0.070312
1 0.520312 0.498437 0.053125 0.053125
1 0.241406 0.447656 0.067187 0.064062
1 0.152344 0.376563 0.064062 0.065625
1 0.058594 0.385937 0.067187 0.068750
1 0.132812 0.256250 0.068750 0.078125
1 0.200000 0.232813 0.062500 0.056250
1 0.225781 0.146875 0.067187 0.071875
1 0.167187 0.113281 0.081250 0.054688
1 0.159375 0.160156 0.081250 0.051562
1 0.036719 0.184375 0.057813 0.062500
1 0.081250 0.246094 0.062500 0.060937
1 0.279687 0.222656 0.071875 0.067187
