1 0.064062 0.189062 0.118750 0.121875
1 0.181250 0.217969 0.143750 0.157812
1 0.116406 0.307812 0.176563 0.150000
1 0.532813 0.339062 0.178125 0.159375
1 0.083594 0.499219 0.154688 0.182812
1 0.247656 0.557813 0.179688 0.153125
1 0.500000 0.621875 0.187500 0.187500
1 0.617188 0.760938 0.193750 0.193750
1 0.351562 0.776563 0.231250 0.190625
1 0.221094 0.865625 0.201563 0.203125
1 0.368750 0.917188 0.184375 0.165625
1 0.507031 0.478906 0.182812 0.160938
1 0.378906 0.167187 0.142187 0.106250
1 0.492969 0.121094 0.148438 0.126562
1 0.381250 0.059375 0.146875 0.109375
1 0.275000 0.081250 0.118750 0.093750
1 0.642188 0.223438 0.131250 0.143750
