1 0.292969 0.096094 0.101562 0.098437
1 0.434375 0.232031 0.090625 0.104688
1 0.315625 0.339844 0.084375 0.085938
1 0.536719 0.373437 0.123438 0.100000
1 0.464844 0.567187 0.139063 0.103125
1 0.539844 0.490625 0.129688 0.106250
1 0.544531 0.640625 0.089063 0.115625
1 0.214062 0.575000 0.100000 0.106250
1 0.112500 0.396094 0.087500 0.107813
1 0.069531 0.140625 0.089063 0.106250
1 0.160156 0.256250 0.095312 0.081250
1 0.197656 0.855469 0.104688 0.107813
1 0.357812 0.897656 0.109375 0.107813
1 0.054688 0.665625 0.103125 0.118750
1 0.535937 0.768750 0.143750 0.143750
1 0.314063 0.760156 0.100000 0.092188
