1 0.174219 0.585156 0.151562 0.135937
1 0.198437 0.430469 0.125000 0.120313
1 0.196875 0.324219 0.168750 0.104688
1 0.150000 0.167969 0.162500 0.126562
1 0.492188 0.307031 0.115625 0.160938
1 0.395313 0.321875 0.121875 0.131250
1 0.317188 0.278906 0.084375 0.104688
1 0.092969 0.700000 0.117188 0.125000
1 0.183594 0.851562 0.142187 0.143750
1 0.153125 0.928125 0.146875 0.103125
1 0.362500 0.853125 0.118750 0.134375
1 0.473438 0.860938 0.118750 0.128125
1 0.512500 0.492188 0.137500 0.140625
1 0.625000 0.481250 0.081250 0.093750
1 0.254688 0.074219 0.096875 0.079687
1 0.298438 0.039844 0.087500 0.076563
1 0.440625 0.068750 0.118750 0.093750
1 0.615625 0.271875 0.096875 0.171875
