1 0.063281 0.458594 0.101562 0.154688
1 0.115625 0.083594 0.125000 0.085938
1 0.295312 0.317969 0.096875 0.110937
1 0.350000 0.284375 0.090625 0.100000
1 0.460938 0.304688 0.128125 0.081250
1 0.438281 0.202344 0.073438 0.110937
1 0.379688 0.184375 0.078125 0.078125
1 0.475000 0.810156 0.109375 0.092188
1 0.569531 0.581250 0.073438 0.109375
1 0.672656 0.599219 0.107813 0.098437
1 0.805469 0.478125 0.089063 0.084375
1 0.753906 0.324219 0.095312 0.089063
1 0.890625 0.535937 0.075000 0.075000
1 0.924219 0.636719 0.067187 0.092188
1 0.584375 0.259375 0.078125 0.078125
1 0.489063 0.032813 0.087500 0.056250
1 0.804688 0.275000 0.075000 0.087500
1 0.839063 0.151562 0.068750 0.078125
1 0.694531 0.367188 0.085938 0.078125
1 0.675781 0.306250 0.073438 0.087500
