1 0.225781 0.388281 0.057813 0.048438
1 0.247656 0.417969 0.057813 0.051562
1 0.342187 0.405469 0.078125 0.048438
1 0.442188 0.411719 0.065625 0.045312
1 0.378125 0.542969 0.062500 0.057813
1 0.392969 0.594531 0.076563 0.064062
1 0.282813 0.604688 0.059375 0.065625
1 0.213281 0.583594 0.064062 0.057813
1 0.234375 0.532031 0.065625 0.064062
1 0.284375 0.549219 0.059375 0.048438
1 0.139844 0.528125 0.060937 0.040625
1 0.137500 0.596094 0.075000 0.067187
1 0.082031 0.578906 0.064062 0.060937
1 0.449219 0.560156 0.067187 0.051562
1 0.382031 0.473438 0.048438 0.062500
1 0.114062 0.385156 0.056250 0.048438
1 0.069531 0.360156 0.045312 0.039062
1 0.394531 0.306250 0.054688 0.059375
1 0.334375 0.333594 0.053125 0.035937
1 0.456250 0.362500 0.046875 0.046875
1 0.485156 0.334375 0.057813 0.046875
1 0.092188 0.310937 0.046875 0.034375
1 0.141406 0.475000 0.051562 0.050000
1 0.033594 0.442969 0.051562 0.054688
1 0.311719 0.482812 0.067187 0.046875
1 0.374219 0.472656 0.045312 0.051562
