1 0.695312 0.328125 0.034375 0.046875
1 0.747656 0.335156 0.042188 0.060937
1 0.712500 0.328125 0.050000 0.059375
1 0.583594 0.429688 0.057813 0.046875
1 0.466406 0.445312 0.060937 0.046875
1 0.503125 0.527344 0.059375 0.054688
1 0.556250 0.603906 0.071875 0.054688
1 0.585938 0.559375 0.037500 0.034375
1 0.579688 0.521094 0.050000 0.045312
1 0.855469 0.567969 0.054688 0.064062
1 0.822656 0.623437 0.060937 0.056250
1 0.872656 0.492969 0.064062 0.048438
1 0.306250 0.500000 0.050000 0.040625
1 0.339062 0.493750 0.065625 0.050000
1 0.133594 0.375781 0.064062 0.073438
1 0.134375 0.315625 0.081250 0.037500
1 0.044531 0.307031 0.057813 0.048438
1 0.075781 0.100000 0.060937 0.065625
1 0.063281 0.032031 0.054688 0.042188
1 0.140625 0.115625 0.056250 0.059375
1 0.226562 0.132031 0.075000 0.076563
1 0.398438 0.339844 0.056250 0.064062
1 0.042969 0.386719 0.067187 0.067187
1 0.236719 0.469531 0.064062 0.051562
1 0.522656 0.685937 0.060937 0.053125
1 0.496094 0.579688 0.067187 0.043750
1 0.976562 0.468750 0.046875 0.065625
1 0.754687 0.228906 0.068750 0.039062
1 0.758594 0.269531 0.073438 0.048438
1 0.819531 0.277344 0.042188 0.070312
1 0.517969 0.104688 0.042188 0.059375
1 0.439063 0.149219 0.087500 0.057813
1 0.390625 0.237500 0.068750 0.046875
1 0.484375 0.226562 0.068750 0.046875
1 0.980469 0.137500 0.039062 0.059375
1 0.892188 0.101562 0.078125 0.053125
