2 0.482031 0.345313 0.207813 0.284375
2 0.878906 0.444531 0.185938 0.173437
2 0.821094 0.263281 0.198437 0.182812
2 0.815625 0.577344 0.240625 0.189062
2 0.807031 0.142969 0.192188 0.160938
2 0.550000 0.127344 0.221875 0.223438
2 0.652344 0.287500 0.195312 0.196875
2 0.388281 0.530469 0.223438 0.264062
2 0.577344 0.591406 0.182812 0.173437
2 0.241406 0.500781 0.204687 0.210938
2 0.225000 0.324219 0.225000 0.151562
2 0.355469 0.208594 0.214062 0.201563
2 0.208594 0.074219 0.164062 0.145313
2 0.082031 0.235156 0.154688 0.210938
