2 0.378125 0.148438 0.068750 0.062500
2 0.319531 0.277344 0.057813 0.057813
2 0.452344 0.318750 0.064062 0.093750
2 0.482031 0.265625 0.051562 0.046875
2 0.485938 0.216406 0.068750 0.070312
2 0.514844 0.293750 0.042188 0.056250
2 0.406250 0.397656 0.059375 0.067187
2 0.498437 0.406250 0.087500 0.068750
2 0.539062 0.454688 0.068750 0.090625
2 0.466406 0.487500 0.101562 0.087500
2 0.432812 0.543750 0.109375 0.078125
2 0.535937 0.659375 0.062500 0.065625
2 0.494531 0.666406 0.067187 0.070312
2 0.535156 0.582031 0.082812 0.085938
2 0.306250 0.457031 0.043750 0.067187
2 0.311719 0.370312 0.057813 0.065625
2 0.266406 0.467969 0.048438 0.054688
2 0.182031 0.238281 0.067187 0.051562
2 0.276562 0.109375 0.075000 0.040625
2 0.261719 0.307812 0.057813 0.053125
