2 0.393750 0.310937 0.065625 0.087500
2 0.540625 0.383594 0.093750 0.067187
2 0.417187 0.471094 0.068750 0.070312
2 0.166406 0.599219 0.060937 0.067187
2 0.028906 0.546875 0.051562 0.081250
2 0.132812 0.538281 0.071875 0.064062
2 0.535156 0.592187 0.082812 0.062500
2 0.489063 0.793750 0.103125 0.078125
2 0.546875 0.668750 0.059375 0.068750
2 0.597656 0.710156 0.092188 0.064062
2 0.304688 0.775000 0.112500 0.081250
2 0.273438 0.829688 0.112500 0.062500
2 0.076563 0.828125 0.078125 0.059375
2 0.190625 0.708594 0.078125 0.073438
