2 0.336719 0.191406 0.104688 0.104688
2 0.426563 0.221875 0.078125 0.100000
2 0.492969 0.254688 0.076563 0.137500
2 0.588281 0.224219 0.114062 0.104688
2 0.346094 0.280469 0.107813 0.085938
2 0.208594 0.253906 0.101562 0.082812
2 0.251563 0.211719 0.093750 0.110937
2 0.254688 0.354687 0.115625 0.115625
2 0.326562 0.401562 0.075000 0.093750
2 0.391406 0.432812 0.057813 0.075000
2 0.456250 0.413281 0.106250 0.114062
2 0.535937 0.410156 0.081250 0.095312
2 0.615625 0.371094 0.081250 0.101562
2 0.240625 0.500000 0.103125 0.106250
2 0.320312 0.489063 0.103125 0.096875
2 0.282031 0.556250 0.101562 0.081250
2 0.356250 0.583594 0.103125 0.076563
2 0.428125 0.539062 0.100000 0.103125
2 0.430469 0.624219 0.085938 0.076563
2 0.554688 0.510938 0.093750 0.087500
