2 0.148438 0.067969 0.096875 0.085938
2 0.171875 0.168750 0.081250 0.078125
2 0.275781 0.259375 0.079687 0.081250
2 0.318750 0.302344 0.068750 0.064062
2 0.474219 0.214062 0.082812 0.100000
2 0.600000 0.225000 0.103125 0.093750
2 0.557813 0.307812 0.078125 0.046875
2 0.560156 0.359375 0.085938 0.068750
2 0.600000 0.385156 0.040625 0.079687
2 0.635156 0.417969 0.057813 0.085938
2 0.498437 0.449219 0.100000 0.082812
2 0.165625 0.421094 0.115625 0.089063
2 0.157031 0.479687 0.117188 0.081250
2 0.172656 0.576562 0.098437 0.075000
2 0.078125 0.592969 0.112500 0.067187
2 0.057813 0.740625 0.071875 0.071875
2 0.182031 0.912500 0.107813 0.093750
2 0.409375 0.845313 0.121875 0.100000
2 0.429688 0.735938 0.068750 0.075000
2 0.425781 0.582812 0.073438 0.065625
2 0.481250 0.550781 0.087500 0.082812
2 0.537500 0.667188 0.081250 0.093750
2 0.587500 0.767188 0.084375 0.065625
2 0.586719 0.882812 0.076563 0.071875
